a=[2.74045875e+06 2.73815575e+06 2.73674150e+06 2.73310875e+06
 2.72633750e+06 2.71177900e+06 2.67274850e+06 2.52209250e+06
 1.48653725e+06 1.27134336e+08 2.73949500e+06 2.73779250e+06
 2.73652250e+06 2.73452250e+06 2.73105225e+06 2.72381800e+06
 2.70585650e+06 2.65010575e+06 2.37923400e+06 2.34939281e+05
 1.05344568e+08 2.73897400e+06 2.73863375e+06 2.73844525e+06
 2.73829600e+06 2.73818450e+06 2.73807075e+06 2.73796825e+06
 2.73786775e+06 2.73775000e+06 2.73763500e+06 2.73751700e+06
 2.73739700e+06 2.73725675e+06 2.73711325e+06 2.73696100e+06
 2.73677575e+06 2.73660825e+06 2.73634175e+06 2.73607975e+06
 2.73572050e+06 2.73532350e+06 2.73479075e+06 2.73396050e+06
 2.73283300e+06 2.73119550e+06 2.72848000e+06 2.72371475e+06
 2.71479800e+06 2.69410075e+06 2.63521825e+06 2.37344375e+06
 3.69352875e+05 2.17940160e+08 2.73653900e+06 2.73645175e+06
 2.73636450e+06 2.73627725e+06 2.73618950e+06 2.73610225e+06
 2.73601500e+06 2.73592750e+06 2.73584025e+06 2.73575300e+06
 2.73566550e+06 2.73557850e+06 2.73549100e+06 2.73540375e+06
 2.73531650e+06 2.73522900e+06 2.73514175e+06 2.73505450e+06
 2.73496700e+06 2.73487975e+06 2.73479250e+06 2.73470525e+06
 2.73461775e+06 2.73453050e+06 2.73444325e+06 2.73435600e+06
 2.73426875e+06 2.73418125e+06 2.73409425e+06 2.73400675e+06
 2.73391950e+06 2.73383225e+06 2.73374500e+06 2.73365775e+06
 2.73357025e+06 2.73348325e+06 2.73339600e+06 2.73330850e+06
 2.73322125e+06 2.73313375e+06 2.73304675e+06 2.73295925e+06
 2.73287200e+06 2.73278475e+06 2.73269750e+06 2.73261025e+06
 2.73252275e+06 2.73243575e+06 2.73234825e+06 2.73226100e+06
 2.73217350e+06 2.73208650e+06 2.73199875e+06 2.73191175e+06
 2.73182400e+06 2.73173675e+06 2.73164950e+06 2.73156225e+06
 2.73147450e+06 2.73138750e+06 2.73129975e+06 2.73121275e+06
 2.73112525e+06 2.73103800e+06 2.73095025e+06 2.73086275e+06
 2.73077550e+06 2.73068775e+06 2.73060050e+06 2.73051250e+06
 2.73042550e+06 2.73033800e+06 2.73025025e+06 2.73016250e+06
 2.73007425e+06 2.72998700e+06 2.72989975e+06 2.72981200e+06
 2.72972400e+06 2.72963625e+06 2.72954800e+06 2.72946025e+06
 2.72937275e+06 2.72928475e+06 2.72919700e+06 2.72910850e+06
 2.72902025e+06 2.72893225e+06 2.72884475e+06 2.72875625e+06
 2.72866800e+06 2.72857900e+06 2.72849100e+06 2.72840250e+06
 2.72831400e+06 2.72822500e+06 2.72813600e+06 2.72804725e+06
 2.72795875e+06 2.72786825e+06 2.72778000e+06 2.72769125e+06
 2.72760100e+06 2.72751150e+06 2.72742175e+06 2.72733175e+06
 2.72724175e+06 2.72715150e+06 2.72706175e+06 2.72697000e+06
 2.72687950e+06 2.72678750e+06 2.72669650e+06 2.72660650e+06
 2.72651325e+06 2.72641950e+06 2.72632950e+06 2.72623550e+06
 2.72614300e+06 2.72605075e+06 2.72595500e+06 2.72586125e+06
 2.72576800e+06 2.72567175e+06 2.72557625e+06 2.72547975e+06
 2.72538100e+06 2.72528575e+06 2.72518900e+06 2.72508900e+06
 2.72499075e+06 2.72489175e+06 2.72478925e+06 2.72469075e+06
 2.72458775e+06 2.72448375e+06 2.72437975e+06 2.72427450e+06
 2.72416300e+06 2.72405575e+06 2.72395175e+06 2.72383775e+06
 2.72372600e+06 2.72361250e+06 2.72349550e+06 2.72338675e+06
 2.72326475e+06 2.72314350e+06 2.72302075e+06 2.72288775e+06
 2.72276150e+06 2.72262725e+06 2.72250100e+06 2.72235725e+06
 2.72222800e+06 2.72209275e+06 2.72193975e+06 2.72179550e+06
 2.72162450e+06 2.72147150e+06 2.72131225e+06 2.72113850e+06
 2.72096000e+06 2.72077175e+06 2.72058100e+06 2.72038350e+06
 2.72018350e+06 2.71994300e+06 2.71975250e+06 2.71950250e+06
 2.71925775e+06 2.71902100e+06 2.71868225e+06 2.71841350e+06
 2.71807550e+06 2.71774100e+06 2.71738850e+06 2.71701275e+06
 2.71650475e+06 2.71607925e+06 2.71563675e+06 2.71501300e+06
 2.71446975e+06 2.71374350e+06 2.71300225e+06 2.71211325e+06
 2.71124250e+06 2.71009850e+06 2.70882600e+06 2.70706175e+06
 2.70522775e+06 2.70286950e+06 2.70035100e+06 2.69705550e+06
 2.69256600e+06 2.68538575e+06 2.67751300e+06 2.66477175e+06
 2.64589975e+06 2.61587925e+06 2.56483550e+06 2.44919750e+06
 2.18192225e+06 1.43391338e+06 6.47375688e+05 1.20283262e+06
 5.38042938e+05 1.61138250e+06 2.42808688e+05 7.78438875e+05
 2.49942550e+06 2.33337600e+06 1.91238362e+06 7.52030000e+05
 1.06508862e+06 2.64007800e+06 2.61580900e+06 2.57920400e+06
 2.52185400e+06 2.41739250e+06 2.19522375e+06 1.62787725e+06
 3.13610844e+05 1.10310362e+06 2.57939350e+06 2.53278025e+06
 2.46333025e+06 2.35233475e+06 2.15467675e+06 1.73032388e+06
 6.69415875e+05 6.99190562e+05 2.17617125e+06 1.90610412e+06
 1.39568475e+06 3.62324344e+05 6.39028250e+05 1.79392875e+06
 1.39653312e+06 8.86040062e+05 3.57404969e+05 3.64098438e+04
 1.81207305e+04 1.42896367e+04 1.36433145e+04 1.06358350e+04
 1.13439258e+04 1.03887402e+04 9.94620410e+03 9.53876660e+03
 9.16395410e+03 1.01272529e+04 9.17908105e+03 8.54272559e+03
 9.29799414e+03 8.69253320e+03 8.77677637e+03 8.91273438e+03
 9.05579883e+03 8.32936230e+03 7.63959277e+03 7.96091797e+03
 7.64772119e+03 8.37700488e+03 8.07345703e+03 7.75360156e+03
 8.41264648e+03 7.92983496e+03 8.08600635e+03 8.05170264e+03
 7.98960352e+03 7.82023145e+03 7.60504297e+03 8.03967627e+03
 7.98598975e+03 7.55587939e+03 7.62716406e+03 7.42800146e+03
 7.54063135e+03 7.55056641e+03 7.41751709e+03 7.86472852e+03
 8.25657031e+03 7.77336133e+03 7.54787939e+03 7.72968115e+03
 7.38522852e+03 7.58857129e+03 7.68904541e+03 7.60950439e+03
 7.48699365e+03 7.70259424e+03 7.48386426e+03 7.59063428e+03
 7.75523682e+03 7.60668555e+03 7.46075928e+03 7.70144971e+03
 7.97829297e+03 7.41857861e+03 7.44077295e+03 7.51339355e+03
 7.45443799e+03 7.59718994e+03 7.62100000e+03 7.38791699e+03
 7.70856299e+03 7.65005127e+03 7.42280420e+03 7.61075586e+03
 7.52297900e+03 7.30435938e+03 7.51662402e+03 7.50294189e+03
 7.39977344e+03 7.54304004e+03 7.48264062e+03 7.68465869e+03
 7.52239844e+03 7.42405420e+03 7.48547217e+03 7.51181396e+03
 7.35214258e+03 7.59184863e+03 7.53162793e+03 7.44559570e+03
 7.40537012e+03 7.41572705e+03 7.69295264e+03 7.53958984e+03
 7.46672266e+03 7.45986426e+03 7.45985938e+03 7.45543994e+03
 7.46132715e+03 7.38286572e+03 7.44023730e+03 7.29283936e+03
 7.35927588e+03 7.48133789e+03 7.41979785e+03 7.47998291e+03
 7.43713135e+03 7.40903857e+03 7.32963428e+03 7.33635693e+03
 7.42681836e+03 7.56942334e+03 7.47773438e+03 7.45582568e+03
 7.33153271e+03 7.32986572e+03 7.44762500e+03 7.37416016e+03
 7.38443896e+03 7.48963135e+03 7.36531982e+03 7.48613721e+03
 7.42420996e+03 7.43087061e+03 7.44698340e+03 7.50285693e+03
 7.44482861e+03 7.43562549e+03 7.24248145e+03 7.45524121e+03
 7.48654688e+03 7.37754297e+03 7.33016846e+03 7.48283545e+03
 7.43635010e+03 7.43639111e+03 7.43220410e+03 7.34153076e+03
 7.35472217e+03 7.37202686e+03 7.44317334e+03 7.35671289e+03
 7.36632861e+03 7.31696045e+03 7.38502588e+03 7.52335986e+03
 7.32428125e+03 7.41693262e+03 7.39387939e+03 7.30875488e+03
 7.39470410e+03 7.35734424e+03 7.40076562e+03 7.31981396e+03
 7.37642725e+03 7.44112842e+03 7.47160693e+03 7.31343408e+03
 7.33779004e+03 7.39187939e+03 7.56252686e+03 7.40254297e+03
 7.45305420e+03 7.38096729e+03 7.34841113e+03 7.29608398e+03
 7.46058301e+03 7.34571582e+03 7.40310010e+03 7.36702637e+03
 7.38489014e+03 7.33362402e+03 7.40808789e+03 7.31072412e+03
 7.37954688e+03 7.40360693e+03 7.34714014e+03 7.50480371e+03
 7.38328711e+03 7.42149268e+03 7.41935400e+03 7.28221973e+03
 7.40560352e+03 7.31881689e+03 7.28517334e+03 7.33776904e+03
 7.36456006e+03 7.35237695e+03 7.40830859e+03 7.39304980e+03
 7.45402295e+03 7.37844971e+03 7.40085693e+03 7.43575586e+03
 7.34970117e+03 7.35881055e+03 7.32329346e+03 7.35111572e+03
 7.35302002e+03 7.32399707e+03 7.38768408e+03 7.36800000e+03
 7.39486133e+03 7.35440332e+03 7.40358398e+03 7.31680713e+03
 7.36523438e+03 7.31431543e+03 7.33929297e+03 7.40415576e+03
 7.30857129e+03 7.33758984e+03 7.37382422e+03 7.32080371e+03
 7.35181299e+03 7.42583984e+03 7.31233154e+03 7.37809424e+03
 7.39732910e+03 7.37315576e+03 7.40060254e+03 7.39317578e+03
 7.36852148e+03 7.33917627e+03 7.32195898e+03 7.40878760e+03
 7.42666650e+03 7.33794141e+03 7.40155566e+03 7.38012549e+03
 7.42223584e+03 7.37610010e+03 7.34136279e+03 7.37644971e+03
